NEPISODES = 200
NSTEPS = 150
QVALUE_LEARNING_RATE = 0.001
POLICY_LEARNING_RATE = 0.0001
DECAY_RATE = 0.99
UPDATE_RATE = 0.01
REPLAY_SIZE10000
BATCH_SIZE64
NH1 = 250
NH2 = 250
reward weights = 0
RANDOM RESET = 0
step_expl = 0
epi_expl = 0
range_esp = 2.0
Elapsed time = 380.37689876556396
Mean reward (20 eps) = -486.9052
Std reward = 3.0517578e-05